-125.761782 
-123.390485 
-120.994914 
-118.575859 
-116.134122 
-113.670507 
-111.185827 
-108.680900 
-106.156550 
-103.613605 
-101.052900 
-98.475275 
-95.881572 
-93.272638 
-90.649326 
-88.012490 
-85.362987 
-82.701679 
-80.029428 
-77.347100 
-74.655561 
-71.955682 
-69.248330 
-66.534378 
-63.814696 
-61.090156 
-58.361629 
-55.629986 
-52.896096 
-50.160830 
-47.425054 
-44.689635 
-41.955436 
-39.223318 
-36.494140 
-33.768758 
-31.048023 
-28.332785 
-25.623888 
-22.922171 
-20.228472 
-17.543620 
-14.868441 
-12.203754 
-9.550375 
-6.909111 
-4.280763 
-1.666126 
0.934012 
3.518870 
6.087677 
8.639666 
11.174081 
13.690174 
16.187205 
18.664443 
21.121168 
23.556667 
25.970237 
28.361188 
30.728837 
33.072512 
35.391554 
37.685313 
39.953150 
42.194438 
44.408563 
46.594920 
48.752920 
50.881982 
52.981541 
55.051042 
57.089946 
59.097724 
61.073863 
63.017860 
64.929230 
66.807497 
68.652204 
70.462904 
72.239166 
73.980574 
75.686725 
77.357232 
78.991721 
80.589836 
82.151232 
83.675584 
85.162577 
86.611915 
88.023316 
89.396514 
90.731259 
92.027315 
93.284463 
94.502500 
95.681237 
96.820504 
97.920144 
98.980017 
100.000000 
100.979984 
101.919877 
102.819604 
103.679104 
104.498333 
105.277264 
106.015884 
106.714198 
107.372224 
107.989999 
108.567575 
109.105018 
109.602412 
110.059855 
110.477462 
110.855362 
111.193701 
111.492640 
111.752353 
111.973032 
112.154884 
112.298129 
112.403002 
112.469755 
112.498652 
112.489973 
112.444012 
112.361076 
112.241488 
112.085582 
111.893709 
111.666232 
111.403526 
111.105981 
110.773999 
110.407996 
110.008399 
109.575648 
109.110195 
108.612505 
108.083054 
107.522328 
106.930827 
106.309061 
105.657550 
104.976826 
104.267431 
103.529916 
102.764843 
101.972784 
101.154320 
100.310040 
99.440542 
98.546436 
97.628335 
96.686864 
95.722655 
94.736347 
93.728585 
92.700023 
91.651321 
90.583144 
89.496167 
88.391065 
87.268523 
86.129230 
84.973879 
83.803169 
82.617801 
81.418483 
80.205924 
78.980838 
77.743941 
76.495954 
75.237596 
73.969593 
72.692670 
71.407554 
70.114973 