-1.257618 
-1.233905 
-1.209949 
-1.185759 
-1.161341 
-1.136705 
-1.111858 
-1.086809 
-1.061565 
-1.036136 
-1.010529 
-0.984753 
-0.958816 
-0.932726 
-0.906493 
-0.880125 
-0.853630 
-0.827017 
-0.800294 
-0.773471 
-0.746556 
-0.719557 
-0.692483 
-0.665344 
-0.638147 
-0.610902 
-0.583616 
-0.556300 
-0.528961 
-0.501608 
-0.474251 
-0.446896 
-0.419554 
-0.392233 
-0.364941 
-0.337688 
-0.310480 
-0.283328 
-0.256239 
-0.229222 
-0.202285 
-0.175436 
-0.148684 
-0.122038 
-0.095504 
-0.069091 
-0.042808 
-0.016661 
0.009340 
0.035189 
0.060877 
0.086397 
0.111741 
0.136902 
0.161872 
0.186644 
0.211212 
0.235567 
0.259702 
0.283612 
0.307288 
0.330725 
0.353916 
0.376853 
0.399531 
0.421944 
0.444086 
0.465949 
0.487529 
0.508820 
0.529815 
0.550510 
0.570899 
0.590977 
0.610739 
0.630179 
0.649292 
0.668075 
0.686522 
0.704629 
0.722392 
0.739806 
0.756867 
0.773572 
0.789917 
0.805898 
0.821512 
0.836756 
0.851626 
0.866119 
0.880233 
0.893965 
0.907313 
0.920273 
0.932845 
0.945025 
0.956812 
0.968205 
0.979201 
0.989800 
1.000000 
1.009800 
1.019199 
1.028196 
1.036791 
1.044983 
1.052773 
1.060159 
1.067142 
1.073722 
1.079900 
1.085676 
1.091050 
1.096024 
1.100599 
1.104775 
1.108554 
1.111937 
1.114926 
1.117524 
1.119730 
1.121549 
1.122981 
1.124030 
1.124698 
1.124987 
1.124900 
1.124440 
1.123611 
1.122415 
1.120856 
1.118937 
1.116662 
1.114035 
1.111060 
1.107740 
1.104080 
1.100084 
1.095756 
1.091102 
1.086125 
1.080831 
1.075223 
1.069308 
1.063091 
1.056576 
1.049768 
1.042674 
1.035299 
1.027648 
1.019728 
1.011543 
1.003100 
0.994405 
0.985464 
0.976283 
0.966869 
0.957227 
0.947363 
0.937286 
0.927000 
0.916513 
0.905831 
0.894962 
0.883911 
0.872685 
0.861292 
0.849739 
0.838032 
0.826178 
0.814185 
0.802059 
0.789808 
0.777439 
0.764960 
0.752376 
0.739696 
0.726927 
0.714076 
0.701150 